NpcName	Level	Reputation	Exp	Money	TaskID1	TaskValue1	TaskID2	TaskValue2	TaskID3	TaskValue3	EventType	ThuyÕt minh
D· TÈu	1	0	0	0	1	100	-1	-1	-1	-1	0	/0: NhËn nhiÖm vô /1: Giao nhiÖm vô
Chñ TiÖm vò khÝ	1	0	0	0	1	1	-1	-1	-1	-1	1	
Chñ TiÖm Nam phôc	1	0	0	0	1	2	-1	-1	-1	-1	1	
Chñ TiÖm N÷ phôc	1	0	0	0	1	2	-1	-1	-1	-1	1	
Chñ Kim hoµn	1	0	0	0	1	3	-1	-1	-1	-1	1	
Chñ D­îc ®iÕm	1	0	0	0	1	4	-1	-1	-1	-1	1	
Chñ T¹p hãa	1	0	0	0	1	5	-1	-1	-1	-1	1	
D· TÈu	1	0	0	0	1	6	-1	-1	-1	-1	1	
D· TÈu	4	0	0	0	1	7	-1	-1	-1	-1	0	
VÖ binh thµnh m«n	1	0	0	0	1	8	-1	-1	-1	-1	1	
Vâ s­	1	0	0	0	1	9	-1	-1	-1	-1	1	
D· TÈu	1	0	0	0	1	10	-1	-1	-1	-1	1	
D· TÈu	6	0	0	0	1	11	-1	-1	-1	-1	0	
Chñ töu lÇu	1	0	0	0	1	12	-1	-1	-1	-1	1	
Tiªu s­	1	0	0	0	1	13	-1	-1	-1	-1	1	
D· TÈu	1	0	0	0	1	14	-1	-1	-1	-1	1
D· TÈu	1	0	0	0	1	15	-1	-1	-1	-1	1
D· TÈu	8	0	0	0	1	16	-1	-1	-1	-1	0
D· TÈu	1	0	0	0	1	17	-1	-1	-1	-1	1
B¸ch HiÓu Sinh	1	0	0	0	1	18	-1	-1	-1	-1	1
D· TÈu	1	0	0	0	1	19	-1	-1	-1	-1	1
D· TÈu	9	0	0	0	1	20	-1	-1	-1	-1	0
TriÖu Diªn Niªn	9	0	0	0	1	21	-1	-1	-1	-1	1
TriÖu Diªn Niªn	9	0	0	0	1	22	-1	-1	-1	-1	1
TriÖu Diªn Niªn	10	0	0	0	1	23	-1	-1	-1	-1	1
D· TÈu	10	0	0	0	1	24	-1	-1	-1	-1	1
Thñ khè	1	0	0	0	805	0	-1	-1	-1	-1	0
Thñ khè	1	0	0	0	805	1	-1	-1	-1	-1	1
TiÓu nhÞ	15	0	0	0	1401	0	-1	-1	-1	-1	0
Nh©n sÜ giang hå	15	0	0	0	1401	5	-1	-1	-1	-1	1
Nh©n sÜ giang hå	15	0	0	0	1401	10	-1	-1	-1	-1	1
Tµo §¹i Lùc	15	0	0	0	1401	15	-1	-1	-1	-1	1
Tµo §¹i Lùc	15	0	0	0	1401	20	-1	-1	-1	-1	1
VÖ binh qu©n doanh	15	0	0	0	1401	25	-1	-1	-1	-1	1
Binh Bé ThÞ Lang	15	0	0	0	1401	30	-1	-1	-1	-1	1
Binh Bé ThÞ Lang	15	0	0	0	1401	35	-1	-1	-1	-1	1
Xa Th¸i Qu©n	15	0	0	0	1401	40	-1	-1	-1	-1	1
D­¬ng NghiÖp	15	0	0	0	1401	45	-1	-1	-1	-1	1
D­¬ng NghiÖp	15	0	0	0	1401	50	-1	-1	-1	-1	1
Hµng xãm Hµn TrÝ Nh­îng	15	0	0	0	1401	55	-1	-1	-1	-1	1
Tr­¬ng V©n	15	0	0	0	1401	60	-1	-1	-1	-1	1
Tr­¬ng V©n	15	0	0	0	1401	65	-1	-1	-1	-1	1
Hµn TrÝ Nh­îng	15	0	0	0	1401	70	-1	-1	-1	-1	1
Nhiªu L©n	15	0	0	0	1401	75	-1	-1	-1	-1	1
Thñ vÖ bé l¹c	15	0	0	0	1401	80	-1	-1	-1	-1	1
Nhiªu L©n	15	0	0	0	1401	85	-1	-1	-1	-1	1
Môc NghÜa	15	0	0	0	1401	90	-1	-1	-1	-1	1
Môc NghÜa	15	0	0	0	1401	95	-1	-1	-1	-1	1
Môc NghÜa	15	0	0	0	1401	100	-1	-1	-1	-1	1
D­¬ng NghiÖp	15	0	0	0	1401	105	-1	-1	-1	-1	1
Môc NghÜa	15	0	0	0	1401	110	-1	-1	-1	-1	1
Môc NghÜa	15	0	0	0	1401	115	-1	-1	-1	-1	1
Tiªu Thiªn Hùu	15	0	0	0	1401	120	-1	-1	-1	-1	1
D­¬ng NghiÖp	15	0	0	0	1401	130	-1	-1	-1	-1	1
Bé ®Çu	15	0	0	0	1401	25	1411	0	-1	-1	1
N¹n d©n	15	0	0	0	1402	0	-1	-1	-1	-1	0
N¹n d©n	15	0	0	0	1402	5	-1	-1	-1	-1	1
Tr­¬ng §×nh	15	0	0	0	1402	10	-1	-1	-1	-1	1
Tr­¬ng §×nh	15	0	0	0	1402	15	-1	-1	-1	-1	1
D­¬ng NguyÖt s­ th¸i	15	0	0	0	1402	20	-1	-1	-1	-1	1
D­¬ng NguyÖt s­ th¸i	15	0	0	0	1402	25	-1	-1	-1	-1	1
D­¬ng NguyÖt s­ th¸i	15	0	0	0	1402	30	-1	-1	-1	-1	1
Lam D· Quû	15	0	0	0	1402	35	-1	-1	-1	-1	1
D­¬ng NguyÖt s­ th¸i	15	0	0	0	1402	40	-1	-1	-1	-1	1
D­¬ng NguyÖt s­ th¸i	15	0	0	0	1402	45	-1	-1	-1	-1	1
HuyÒn DiÖt T«n Gi¶	15	0	0	0	1402	50	-1	-1	-1	-1	1
HuyÒn DiÖt T«n Gi¶	15	0	0	0	1402	55	-1	-1	-1	-1	1
T¹p Nguyªn ch©n nh©n	15	0	0	0	1402	60	-1	-1	-1	-1	1
T¹p Nguyªn ch©n nh©n	15	0	0	0	1402	65	-1	-1	-1	-1	1
D­¬ng NguyÖt s­ th¸i	15	0	0	0	1402	75	-1	-1	-1	-1	1
V­¬ng CÈn	15	0	0	0	1402	80	-1	-1	-1	-1	1
TriÖu Phæ	2	0	0	0	1503	0	-1	-1	-1	-1	0
VÖ binh thµnh m«n	2	0	0	0	1503	5	-1	-1	-1	-1	1
TriÖu Phæ	2	0	0	0	1503	10	-1	-1	-1	-1	1
VÖ binh thµnh m«n	8	0	0	0	1504	0	-1	-1	-1	-1	0
VÖ binh thµnh m«n	8	0	0	0	1504	5	-1	-1	-1	-1	1
L©m gi¸o ®Çu	5	0	0	0	1505	0	-1	-1	-1	-1	0
TÇn øc	5	0	0	0	1505	5	-1	-1	-1	-1	1
TÇn Khiªm	5	0	0	0	1505	10	-1	-1	-1	-1	1
TÇn øc	5	0	0	0	1505	15	-1	-1	-1	-1	1
Chu ThiÖn Nh©n	2	0	0	0	1506	0	-1	-1	-1	-1	0
N¹n d©n_Gi¸p	2	0	0	0	1513	0	1506	5	-1	-1	1
N¹n d©n Êt	2	0	0	0	1514	0	1506	5	-1	-1	1
N¹n d©n_BÝnh	2	0	0	0	1515	0	1506	5	-1	-1	1
N¹n d©n_§inh	2	0	0	0	1516	0	1506	5	-1	-1	1
Chu ThiÖn Nh©n	2	0	0	0	1506	9	-1	-1	-1	-1	1
A ThÞnh	5	0	0	0	1507	0	-1	-1	-1	-1	0
A ThÞnh	5	0	0	0	1507	5	-1	-1	-1	-1	1
Tr­¬ng ¶nh	20	0	0	0	1510	0	-1	-1	-1	-1	0
Tr­¬ng ¶nh	20	0	0	0	1510	5	-1	-1	-1	-1	1
M¹c H÷u Vi	23	0	0	0	1511	0	-1	-1	-1	-1	0
M¹c H÷u Vi	23	0	0	0	1511	5	-1	-1	-1	-1	1
Vu DÇn	30	0	0	0	1512	0	-1	-1	-1	-1	0
Vu DÇn	30	0	0	0	1512	5	-1	-1	-1	-1	1
Vu DÇn	35	0	0	0	1512	10	-1	-1	-1	-1	0
Vu DÇn	35	0	0	0	1512	15	-1	-1	-1	-1	1
V­¬ng NghiÖp VÜ	10	0	0	0	130	1	-1	-1	-1	-1	1
V­¬ng NghiÖp VÜ	10	0	0	0	104	0	-1	-1	-1	-1	0
V­¬ng NghiÖp VÜ	10	0	0	0	104	1	-1	-1	-1	-1	1
V­¬ng NghiÖp VÜ	10	0	0	0	104	2	-1	-1	-1	-1	1
V­¬ng NghiÖp VÜ	10	0	0	0	104	3	-1	-1	-1	-1	1
V­¬ng NghiÖp VÜ	10	0	0	0	105	5	-1	-1	-1	-1	1
H¹ KiÖt	10	0	0	0	105	100	-1	-1	-1	-1	0
H¹ KiÖt	10	0	0	0	105	1	-1	-1	-1	-1	1
H¹ KiÖt	10	0	0	0	105	2	-1	-1	-1	-1	1
H¹ KiÖt	10	0	0	0	105	4	-1	-1	-1	-1	1
§¹i ChÝ C­êng	10	0	0	0	106	100	-1	-1	-1	-1	0
Chu B©n Cö	10	0	0	0	106	1	-1	-1	-1	-1	1
Chu B©n Cö	10	0	0	0	106	2	-1	-1	-1	-1	1
L­u qu¶n gia	10	0	0	0	106	3	-1	-1	-1	-1	1
Chung Phãng	10	0	0	0	106	4	-1	-1	-1	-1	1
Chung Phãng	10	0	0	0	107	100	-1	-1	-1	-1	0
Chung Phãng	10	0	0	0	107	2	-1	-1	-1	-1	1
H¹ HÇu Thi	0	0	0	0	117	1	-1	-1	-1	-1	0
KhÊu ChuÈn	0	0	0	0	131	1	-1	-1	-1	-1	1
Xa Th¸i Qu©n	0	0	0	0	110	1	-1	-1	-1	-1	0
Xa Th¸i Qu©n	0	0	0	0	110	2	-1	-1	-1	-1	1
Xa Th¸i Qu©n	0	0	0	0	110	3	-1	-1	-1	-1	1
Xa Th¸i Qu©n	0	0	0	0	110	4	-1	-1	-1	-1	1
Xa Th¸i Qu©n	0	0	0	0	110	5	-1	-1	-1	-1	1
Xa Th¸i Qu©n	0	0	0	0	110	6	-1	-1	-1	-1	1
B¸ch Thóy B×nh	0	0	0	0	110	7	-1	-1	-1	-1	0
B¸ch Thóy B×nh	0	0	0	0	110	8	-1	-1	-1	-1	1
B¸ch Thóy B×nh	0	0	0	0	110	9	-1	-1	-1	-1	1
B¸ch Thóy B×nh	0	0	0	0	110	10	-1	-1	-1	-1	1
Tiªu Hµn	0	0	0	0	110	11	-1	-1	-1	-1	1
B¸ch Th¶o ¤ng	0	0	0	0	110	12	-1	-1	-1	-1	1
KhÊu ChuÈn	0	0	0	0	110	13	-1	-1	-1	-1	1
TriÖu Diªn Niªn	0	0	0	0	111	101	-1	-1	-1	-1	1
TriÖu Diªn Niªn	0	0	0	0	127	1	-1	-1	-1	-1	1
B¸ch HiÓu Sinh	0	0	0	0	112	1	-1	-1	-1	-1	1
H¹ HÇu CÇm	0	0	0	0	124	1	-1	-1	-1	-1	1
C«ng T«n Th­	0	0	0	0	125	1	-1	-1	-1	-1	1
C«ng T«n Th­	0	0	0	0	129	1	-1	-1	-1	-1	1
Gia C¸t Kú	0	0	0	0	126	1	-1	-1	-1	-1	1
Gia C¸t Kú	0	0	0	0	128	1	-1	-1	-1	-1	1
H¹ HÇu CÇm	0	0	0	0	117	1	-1	-1	-1	-1	1
H¹ HÇu CÇm	0	0	0	0	118	1	-1	-1	-1	-1	0
H¹ HÇu CÇm	0	0	0	0	118	3	-1	-1	-1	-1	1
H¹ HÇu CÇm	0	0	0	0	119	1	-1	-1	-1	-1	0
H¹ HÇu CÇm	0	0	0	0	119	5	-1	-1	-1	-1	1
Ph¹m Träng Yªm	0	0	0	0	132	1	-1	-1	-1	-1	1
§­êng Kþ	0	0	0	0	121	101	-1	-1	-1	-1	1
§­êng Kþ	0	0	0	0	121	102	-1	-1	-1	-1	1
§­êng Kþ	0	0	0	0	121	103	-1	-1	-1	-1	1
Ph¹m Träng Yªm	0	0	0	0	122	1	-1	-1	-1	-1	1
Th¸i thó	0	0	0	0	122	2	-1	-1	-1	-1	1
Ph¹m Träng Yªm	0	0	0	0	122	3	-1	-1	-1	-1	1
Hång ThÊt	0	0	0	0	123	1	-1	-1	-1	-1	1
Hång ThÊt	0	0	0	0	123	5	-1	-1	-1	-1	1
Hång ThÊt	0	0	0	0	123	6	-1	-1	-1	-1	1
§Ö tö C¸i Bang	0	0	0	0	123	2	-1	-1	-1	-1	0
§Ö tö C¸i Bang	0	0	0	0	123	3	-1	-1	-1	-1	1
§Ö tö C¸i Bang	0	0	0	0	123	4	-1	-1	-1	-1	1
Ph¹m Träng Yªm	0	0	0	0	123	6	-1	-1	-1	-1	1
Ph¹m Träng Yªm	0	0	0	0	123	7	-1	-1	-1	-1	1
C«ng T«n Th­	0	0	0	0	140	1	-1	-1	-1	-1	1
Tö H¹c ch©n nh©n	0	0	0	0	140	2	-1	-1	-1	-1	1
KiÕm §ång	0	0	0	0	140	3	-1	-1	-1	-1	1
Tö H¹c ch©n nh©n	0	0	0	0	140	4	-1	-1	-1	-1	1
Tö H¹c ch©n nh©n	0	0	0	0	140	6	-1	-1	-1	-1	1
KiÕm §ång	0	0	0	0	140	7	-1	-1	-1	-1	1
Tö H¹c ch©n nh©n	0	0	0	0	140	8	-1	-1	-1	-1	1
C«ng T«n Th­	0	0	0	0	140	9	-1	-1	-1	-1	1
C«ng T«n Th­	0	0	0	0	140	11	-1	-1	-1	-1	1
C«ng T«n Th­	0	0	0	0	140	13	-1	-1	-1	-1	1
Tö H¹c ch©n nh©n	0	0	0	0	140	14	-1	-1	-1	-1	1
Gia ®inh Mé TuyÕt	0	0	0	0	140	16	-1	-1	-1	-1	1
Kim Phông	0	0	0	0	140	18	-1	-1	-1	-1	1
Tö H¹c ch©n nh©n	0	0	0	0	140	19	-1	-1	-1	-1	1
Tö H¹c ch©n nh©n	0	0	0	0	140	21	-1	-1	-1	-1	1
C«ng T«n Th­	0	0	0	0	140	22	-1	-1	-1	-1	1
Kim Phông	0	0	0	0	140	23	-1	-1	-1	-1	1
Th¸c B¹t Kú	0	0	0	0	140	25	-1	-1	-1	-1	1
C«ng T«n Th­	0	0	0	0	140	28	-1	-1	-1	-1	1
C«ng T«n Th­	0	0	0	0	140	30	-1	-1	-1	-1	1
C«ng T«n Th­	0	0	0	0	140	32	-1	-1	-1	-1	1
C«ng T«n Th­	0	0	0	0	140	34	-1	-1	-1	-1	1
Th¸c B¹t Kú	0	0	0	0	140	35	-1	-1	-1	-1	1
C«ng T«n Th­	0	0	0	0	140	37	-1	-1	-1	-1	1
§éc Si	0	0	0	0	140	38	-1	-1	-1	-1	1
§éc Si	0	0	0	0	140	40	-1	-1	-1	-1	1
C«ng T«n Th­	0	0	0	0	140	42	-1	-1	-1	-1	1
C«ng T«n Th­	0	0	0	0	140	44	-1	-1	-1	-1	1
L¹c Ph¸ch S¬n tÆc	0	0	0	0	140	45	-1	-1	-1	-1	1
L¹c Ph¸ch S¬n tÆc	0	0	0	0	140	49	-1	-1	-1	-1	1
Tö H¹c ch©n nh©n	0	0	0	0	140	50	-1	-1	-1	-1	1
Tö H¹c ch©n nh©n	0	0	0	0	140	52	-1	-1	-1	-1	1
L¹c Ph¸ch S¬n tÆc	0	0	0	0	140	53	-1	-1	-1	-1	1
C«ng T«n Th­	0	0	0	0	140	54	-1	-1	-1	-1	1
Tæng binh	0	0	0	0	141	1	-1	-1	-1	-1	1
Tæng binh	0	0	0	0	141	3	-1	-1	-1	-1	1
Tö H¹c ch©n nh©n	0	0	0	0	144	1	-1	-1	-1	-1	1
Tö H¹c ch©n nh©n	0	0	0	0	144	2	-1	-1	-1	-1	1
C«ng T«n Th­	0	0	0	0	140	56	-1	-1	-1	-1	1
L¹c Ph¸ch S¬n tÆc	0	0	0	0	140	57	-1	-1	-1	-1	1
C«ng T«n Th­	0	0	0	0	140	59	-1	-1	-1	-1	1
H¹ HÇu CÇm	0	0	0	0	119	6	-1	-1	-1	-1	0
TrÇn MÉn	0	0	0	0	119	7	-1	-1	-1	-1	1
TrÇn MÉn	0	0	0	0	119	9	-1	-1	-1	-1	1
H¹ HÇu Liªn	0	0	0	0	119	10	-1	-1	-1	-1	1
H¹ HÇu CÇm	0	0	0	0	119	11	-1	-1	-1	-1	1
M·nh Nham 	0	0	0	0	119	13	-1	-1	-1	-1	1
M·nh Nham 	0	0	0	0	119	14	-1	-1	-1	-1	1
H­íng Ty Thanh	0	0	0	0	119	15	-1	-1	-1	-1	1
H­íng Ty Thanh	0	0	0	0	119	16	-1	-1	-1	-1	1
TrÇn MÉn	0	0	0	0	119	17	-1	-1	-1	-1	1
H¹ HÇu CÇm	0	0	0	0	119	18	-1	-1	-1	-1	1
H¹ HÇu Liªn	0	0	0	0	119	19	-1	-1	-1	-1	1
H¹ HÇu CÇm	0	0	0	0	119	20	-1	-1	-1	-1	1
Thi thÓ cña L«i Th¾ng	0	0	0	0	119	21	-1	-1	-1	-1	1
Thi thÓ cña L«i Th¾ng	0	0	0	0	119	23	-1	-1	-1	-1	1
H¹ HÇu CÇm	0	0	0	0	119	24	-1	-1	-1	-1	1
H¹ HÇu CÇm	0	0	0	0	119	26	-1	-1	-1	-1	1
§­êng Ninh	0	0	0	0	119	27	-1	-1	-1	-1	1
H¹ HÇu CÇm	0	0	0	0	119	28	-1	-1	-1	-1	1
Phïng §ång Nhi	0	0	0	0	146	1	-1	-1	-1	-1	1
§­êng Xu©n	0	0	0	0	147	1	-1	-1	-1	-1	1
§­êng Xu©n	0	0	0	0	147	2	-1	-1	-1	-1	1
§­êng Xu©n	0	0	0	0	147	4	-1	-1	-1	-1	1
§­êng Ninh	0	0	0	0	147	5	-1	-1	-1	-1	1
H¹ HÇu CÇm	0	0	0	0	147	6	-1	-1	-1	-1	1
Tr­¬ng B¸ H¸n	0	0	0	0	148	1	-1	-1	-1	-1	0
Tr­¬ng B¸ H¸n	0	0	0	0	148	2	-1	-1	-1	-1	1
Lý TiÕn Dòng	0	0	0	0	148	3	-1	-1	-1	-1	1
Lý TiÕn Dòng	0	0	0	0	148	4	-1	-1	-1	-1	1
Lý TiÕn Dòng	0	0	0	0	148	5	-1	-1	-1	-1	1
L­u HuyÒn Thanh	0	0	0	0	148	6	-1	-1	-1	-1	1
L­u HuyÒn Thanh	0	0	0	0	148	8	-1	-1	-1	-1	1
L­u HuyÒn Thanh	0	0	0	0	148	9	-1	-1	-1	-1	1
Thu Dung	0	0	0	0	148	10	-1	-1	-1	-1	1
T­ëng Duy	0	0	0	0	148	11	-1	-1	-1	-1	1
T­ëng Duy	0	0	0	0	148	12	-1	-1	-1	-1	1
Thu Dung	0	0	0	0	148	13	-1	-1	-1	-1	1
Thu Dung	0	0	0	0	148	14	-1	-1	-1	-1	1
Thu Dung	0	0	0	0	148	16	-1	-1	-1	-1	1
ViÔn Tinh	50	0	0	0	149	0	-1	-1	-1	-1	0
ViÔn Tinh	0	0	0	0	149	2	-1	-1	-1	-1	1
Lý TiÕn Dòng	0	0	0	0	149	3	-1	-1	-1	-1	1
Lý TiÕn Dòng	0	0	0	0	149	4	-1	-1	-1	-1	1
ViÔn Tinh	0	0	0	0	149	5	-1	-1	-1	-1	1
Gia C¸t Kú	0	0	0	0	150	1	-1	-1	-1	-1	1
N¹n d©n_Gi¸p	0	0	0	0	150	2	-1	-1	-1	-1	1
N¹n d©n_Gi¸p	0	0	0	0	150	3	-1	-1	-1	-1	1
N¹n d©n Êt	0	0	0	0	151	1	-1	-1	-1	-1	1
N¹n d©n_BÝnh	0	0	0	0	152	1	-1	-1	-1	-1	1
N¹n d©n_§inh	0	0	0	0	153	1	-1	-1	-1	-1	1
N¹n d©n_Gi¸p	0	0	0	0	150	5	-1	-1	-1	-1	1
TrÇn Phi D­¬ng	0	0	0	0	150	6	-1	-1	-1	-1	1
TrÇn Phi D­¬ng	0	0	0	0	150	7	-1	-1	-1	-1	1
Gia C¸t Kú	0	0	0	0	150	8	-1	-1	-1	-1	1
Gia C¸t Kú	0	0	0	0	150	9	-1	-1	-1	-1	1
Tr­¬ng §×nh	0	0	0	0	150	9	-1	-1	-1	-1	1
V« Danh T¨ng	0	0	0	0	150	10	-1	-1	-1	-1	1
V« Danh T¨ng	0	0	0	0	150	11	-1	-1	-1	-1	1
V« Danh T¨ng	0	0	0	0	150	12	-1	-1	-1	-1	0
Gia C¸t Kú	0	0	0	0	150	13	-1	-1	-1	-1	1
Gia C¸t Kú	0	0	0	0	150	14	-1	-1	-1	-1	1
Tèng Giang	0	0	0	0	150	17	-1	-1	-1	-1	1
Tèng Giang	0	0	0	0	150	19	-1	-1	-1	-1	1
HuyÒn Tõ	0	0	0	0	150	20	-1	-1	-1	-1	1
HuyÒn Tõ	0	0	0	0	150	21	-1	-1	-1	-1	1
Gia C¸t Kú	0	0	0	0	150	22	-1	-1	-1	-1	1
Gia C¸t Kú	0	0	0	0	150	23	-1	-1	-1	-1	1
TrÇn Phi D­¬ng	0	0	0	0	150	24	-1	-1	-1	-1	1
TrÇn Phi D­¬ng	0	0	0	0	150	27	-1	-1	-1	-1	1
HuyÒn Tõ	0	0	0	0	150	30	-1	-1	-1	-1	1
Long T¹i Thiªn	0	0	0	0	150	31	-1	-1	-1	-1	1
D­¬ng T«n B¶o	1	0	0	0	1031	1	-1	-1	-1	-1	0
Tµo B©n	1	0	0	0	1031	2	-1	-1	-1	-1	1
B¸n ngùa	1	0	0	0	1031	3	-1	-1	-1	-1	1
Tµo B©n	1	0	0	0	1031	4	-1	-1	-1	-1	1
D­¬ng T«n B¶o	1	0	0	0	1031	5	-1	-1	-1	-1	1
Xa Th¸i Qu©n	1	0	0	0	1031	7	-1	-1	-1	-1	1
Méc QuÕ Anh	1	0	0	0	1032	1	-1	-1	-1	-1	0
TriÖu Phæ	1	0	0	0	1032	2	-1	-1	-1	-1	1
CÊm qu©n	1	0	0	0	1032	3	-1	-1	-1	-1	1
TriÖu Phæ	1	0	0	0	1032	4	-1	-1	-1	-1	1
Méc QuÕ Anh	1	0	0	0	1032	5	-1	-1	-1	-1	1
Xa Th¸i Qu©n	1	0	0	0	1032	7	-1	-1	-1	-1	1
TrÞnh Qu¸n Chi	10	0	0	0	1300	0	-1	-1	-1	-1	0
TrÞnh Qu¸n Chi	10	0	0	0	1300	3	-1	-1	-1	-1	1
Cao Th¨ng TuyÒn	20	0	0	0	1300	4	-1	-1	-1	-1	0
Cao Th¨ng TuyÒn	20	0	0	0	1301	2	-1	-1	-1	-1	1
Cao Th¨ng TuyÒn	20	0	0	0	1301	4	-1	-1	-1	-1	1
B¹ch Doanh Doanh	30	0	0	0	1302	1	-1	-1	-1	-1	0
B¹ch Doanh Doanh	30	0	0	0	1302	4	-1	-1	-1	-1	1
Cao Th¨ng TuyÒn	30	0	0	0	1302	5	-1	-1	-1	-1	0
Cao Th¨ng TuyÒn	35	0	0	0	1302	6	-1	-1	-1	-1	0
Cao Th¨ng TuyÒn	35	0	0	0	1303	2	-1	-1	-1	-1	1
Cao Th¨ng TuyÒn	35	0	0	0	1305	2	-1	-1	-1	-1	1
B¸ch HiÓu Sinh	40	0	0	0	1303	3	-1	-1	-1	-1	1
TriÖu Diªn Niªn	40	0	0	0	1306	1	-1	-1	-1	-1	1
Téc tr­ëng Miªu LÜnh	40	0	0	0	1306	2	-1	-1	-1	-1	0
Téc tr­ëng Miªu LÜnh	40	0	0	0	1306	4	-1	-1	-1	-1	1
TriÖu Diªn Niªn	40	0	0	0	1306	5	-1	-1	-1	-1	1
TrÞnh Qu¸n Chi	45	0	0	0	1306	6	-1	-1	-1	-1	0
TrÞnh Qu¸n Chi	45	0	0	0	1307	3	-1	-1	-1	-1	1
TrÞnh Qu¸n Chi	50	0	0	0	1307	4	-1	-1	-1	-1	0
TrÇn LËp Hµnh	50	0	0	0	1308	1	-1	-1	-1	-1	0
Téc tr­ëng Miªu LÜnh	50	0	0	0	1308	3	-1	-1	-1	-1	0
Téc tr­ëng Miªu LÜnh	50	0	0	0	1308	4	-1	-1	-1	-1	1
Téc tr­ëng Miªu LÜnh	50	0	0	0	1308	5	-1	-1	-1	-1	1
TrÞnh Qu¸n Chi	50	0	0	0	1308	6	-1	-1	-1	-1	0
Cao Th¨ng TuyÒn	55	0	0	0	1308	7	-1	-1	-1	-1	0
M¹c Tam	55	0	0	0	1309	2	-1	-1	-1	-1	1
Cao Th¨ng TuyÒn	55	0	0	0	1309	4	-1	-1	-1	-1	1
§æng Giµ La	55	0	0	0	1309	5	-1	-1	-1	-1	0
Xa Th¸i Qu©n	55	0	0	0	1309	6	-1	-1	-1	-1	0
§æng Giµ La	55	0	0	0	1309	7	-1	-1	-1	-1	1
§æng Giµ La	60	0	0	0	1309	8	-1	-1	-1	-1	0
§æng Giµ La	60	0	0	0	1311	2	-1	-1	-1	-1	1
§æng Giµ La	60	0	0	0	1311	4	-1	-1	-1	-1	1
§æng Giµ La	60	0	0	0	1311	5	-1	-1	-1	-1	0
§æng Giµ La	60	0	0	0	1311	7	-1	-1	-1	-1	1
TrÞnh Qu¸n Chi	60	0	0	0	1311	8	-1	-1	-1	-1	0
Vò N­¬ng	60	0	0	0	1312	1	-1	-1	-1	-1	0
Vò N­¬ng	60	0	0	0	1312	3	-1	-1	-1	-1	1
Vò N­¬ng	60	0	0	0	1313	1	-1	-1	-1	-1	0
TrÞnh Qu¸n Chi	60	0	0	0	1314	1	-1	-1	-1	-1	1
TrÞnh Qu¸n Chi	60	0	0	0	1314	2	-1	-1	-1	-1	0
TrÞnh Qu¸n Chi	60	0	0	0	1315	2	-1	-1	-1	-1	1
TrÞnh Qu¸n Chi	60	0	0	0	1315	4	-1	-1	-1	-1	1
B¹ch Doanh Doanh	60	0	0	0	1315	5	-1	-1	-1	-1	0
B¹ch Doanh Doanh	60	0	0	0	1316	2	-1	-1	-1	-1	1
B¸ch HiÓu Sinh	60	0	0	0	1316	3	-1	-1	-1	-1	0
L­u §iÓn	60	0	0	0	1316	4	-1	-1	-1	-1	0
TrÞnh Qu¸n Chi	60	0	0	0	1316	6	-1	-1	-1	-1	0
TrÞnh Qu¸n Chi	60	0	0	0	1316	8	-1	-1	-1	-1	1
Cao Th¨ng TuyÒn	60	0	0	0	1314	2	-1	-1	-1	-1	0
Cao Th¨ng TuyÒn	60	0	0	0	1317	3	-1	-1	-1	-1	1
§æng Giµ La	80	0	0	0	1317	4	-1	-1	-1	-1	0
NhÞ hoµng tö §oµn Tè ThuËn	80	0	0	0	1318	2	-1	-1	-1	-1	1
§æng Giµ La	80	0	0	0	1318	3	-1	-1	-1	-1	1
§æng Giµ La	80	0	0	0	1318	4	-1	-1	-1	-1	0
§æng Giµ La	80	0	0	0	1318	5	-1	-1	-1	-1	1
§æng Giµ La	80	0	0	0	1318	7	-1	-1	-1	-1	1
§æng Giµ La	80	0	0	0	1318	9	-1	-1	-1	-1	1
C©u S¸ch	0	0	0	0	1033	1	-1	-1	-1	-1	1
Ph­¬ng Viªn	0	0	0	0	1033	2	-1	-1	-1	-1	1
V­u Dung	0	0	0	0	1033	4	-1	-1	-1	-1	1
T©y §å	0	0	0	0	1033	5	-1	-1	-1	-1	1
C©u S¸ch	0	0	0	0	1033	6	-1	-1	-1	-1	1
B¹ch Doanh Doanh	0	0	0	0	1033	7	-1	-1	-1	-1	1
M¹c §¹i	0	0	0	0	1600	1	-1	-1	-1	-1	0
M¹c NhÞ	0	0	0	0	1600	1	-1	-1	-1	-1	0
M¹c Tam	0	0	0	0	1600	1	-1	-1	-1	-1	0
M¹c §¹i	0	0	0	0	1600	3	-1	-1	-1	-1	1
M¹c NhÞ	0	0	0	0	1600	3	-1	-1	-1	-1	1
M¹c Tam	0	0	0	0	1600	3	-1	-1	-1	-1	1
M¹c §¹i	0	0	0	0	1600	4	-1	-1	-1	-1	1
M¹c NhÞ	0	0	0	0	1600	4	-1	-1	-1	-1	1
M¹c Tam	0	0	0	0	1600	4	-1	-1	-1	-1	1
Du Ph­¬ng ®¹i phu	0	0	0	0	1602	1	-1	-1	-1	-1	1
§¹i Kho¸ng C«ng	0	0	0	0	1602	2	-1	-1	-1	-1	1
M¹c §¹i	0	0	0	0	1602	3	-1	-1	-1	-1	1
Du Ph­¬ng ®¹i phu	0	0	0	0	1602	4	-1	-1	-1	-1	1
Ngù Trï	0	0	0	0	1603	1	-1	-1	-1	-1	1
L­u NhÊt Phñ	0	0	0	0	1603	2	-1	-1	-1	-1	1
L­u NhÊt Phñ	0	0	0	0	1603	3	-1	-1	-1	-1	1
Ngù Trï	0	0	0	0	1603	4	-1	-1	-1	-1	1
Chñ TiÖm N÷ phôc	0	0	0	0	1604	1	-1	-1	-1	-1	1
Chñ TiÖm N÷ phôc	0	0	0	0	1604	2	-1	-1	-1	-1	1
CÈm n­¬ng	0	0	0	0	1604	3	-1	-1	-1	-1	1
Hoµng §¹i ThÈm	0	0	0	0	1604	4	-1	-1	-1	-1	1
CÈm n­¬ng	0	0	0	0	1604	5	-1	-1	-1	-1	1
V©n Du §¹o Nh©n	0	0	0	0	1605	2	-1	-1	-1	-1	1
Bµ mai	15	0	0	0	2019	1	-1	-1	-1	-1	0
Bµ mai	15	0	0	0	2019	2	-1	-1	-1	-1	1
Bµ mai	15	0	0	0	2019	3	-1	-1	-1	-1	1
Bµ mai	15	0	0	0	2019	4	-1	-1	-1	-1	1
NguyÖt L·o	15	0	0	0	2019	5	-1	-1	-1	-1	0
KhÊu ChuÈn	70	0	0	0	2030	0	-1	-1	-1	-1	0
B¸ch HiÓu Sinh	70	0	0	0	2030	1	-1	-1	-1	-1	1
¢u D­¬ng Häa 	70	0	0	0	2030	2	-1	-1	-1	-1	1
T«n NhÞ Liªn	70	0	0	0	2030	5	-1	-1	-1	-1	0
TiÓu nhÞ	70	0	0	0	2030	6	-1	-1	-1	-1	0
T«n NhÞ Liªn	70	0	0	0	2030	8	-1	-1	-1	-1	1
TiÓu nhÞ	70	0	0	0	2030	9	-1	-1	-1	-1	1
¢u D­¬ng Häa 	70	0	0	0	2030	10	-1	-1	-1	-1	0
TiÓu nhÞ	70	0	0	0	2030	11	-1	-1	-1	-1	1
T«n NhÞ Liªn	70	0	0	0	2030	13	-1	-1	-1	-1	1
¢u D­¬ng Häa 	70	0	0	0	2030	15	-1	-1	-1	-1	1
Xa Lu©n B¸ V­¬ng	80	0	0	0	2030	16	-1	-1	-1	-1	0
¢u D­¬ng Häa 	80	0	0	0	2030	17	-1	-1	-1	-1	1
B¸ch HiÓu Sinh	80	0	0	0	2030	18	-1	-1	-1	-1	1
DiÖp L·o	80	0	0	0	2030	20	-1	-1	-1	-1	0
DiÖp Tö Thu	80	0	0	0	2030	21	-1	-1	-1	-1	1
DiÖp L·o	80	0	0	0	2030	22	-1	-1	-1	-1	1
Xa Lu©n B¸ V­¬ng	80	0	0	0	2030	24	-1	-1	-1	-1	1
Xa Lu©n B¸ V­¬ng	80	0	0	0	2030	25	-1	-1	-1	-1	0
DiÖp Tö Thu	80	0	0	0	2030	26	-1	-1	-1	-1	1
TriÖu Tö B×nh	80	0	0	0	2030	27	-1	-1	-1	-1	1
Xa Lu©n B¸ V­¬ng	80	0	0	0	2030	30	-1	-1	-1	-1	1
Xa Lu©n B¸ V­¬ng	80	0	0	0	2030	31	-1	-1	-1	-1	0
Xa Lu©n B¸ V­¬ng	80	0	0	0	2030	33	-1	-1	-1	-1	1
Xa Lu©n B¸ V­¬ng	80	0	0	0	2030	36	-1	-1	-1	-1	0
Th¸c B¹t Ho»ng 	80	0	0	0	2030	37	-1	-1	-1	-1	1
T­ M· Minh Phong	80	0	0	0	2030	38	-1	-1	-1	-1	1
Th¸c B¹t Ho»ng 	80	0	0	0	2030	39	-1	-1	-1	-1	1
¢u D­¬ng Häa 	80	0	0	0	2030	39	-1	-1	-1	-1	1
¢n Minh 	80	0	0	0	2031	1	-1	-1	-1	-1	0
Th­¬ng nh©n Ba T­	80	0	0	0	2031	2	-1	-1	-1	-1	1
¢n Minh 	80	0	0	0	2031	3	-1	-1	-1	-1	1
¢n Minh 	80	0	0	0	2031	4	-1	-1	-1	-1	1
¢n Minh 	80	0	0	0	2031	6	-1	-1	-1	-1	1
Th¸c B¹t Ho»ng 	80	0	0	0	2031	7	-1	-1	-1	-1	1
Xa Lu©n B¸ V­¬ng	80	0	0	0	2031	8	-1	-1	-1	-1	0
¢u D­¬ng Häa 	80	0	0	0	2031	9	-1	-1	-1	-1	0
¢u D­¬ng Häa 	80	0	0	0	2031	11	-1	-1	-1	-1	1
Xa Lu©n B¸ V­¬ng	80	0	0	0	2031	12	-1	-1	-1	-1	1
Xa Lu©n B¸ V­¬ng	80	0	0	0	2031	14	-1	-1	-1	-1	1
Th¸c B¹t Ho»ng 	80	0	0	0	2031	15	-1	-1	-1	-1	1
T­ M· Minh Phong	80	0	0	0	2031	16	-1	-1	-1	-1	1
¢u D­¬ng Häa 	80	0	0	0	2031	17	-1	-1	-1	-1	1
LiÔu Tïng V©n 	85	0	0	0	2031	18	-1	-1	-1	-1	0
LiÔu Tïng V©n 	85	0	0	0	2031	20	-1	-1	-1	-1	1
LiÔu Tïng V©n 	85	0	0	0	2031	21	-1	-1	-1	-1	1
Th¸c B¹t Ho»ng 	85	0	0	0	2031	22	-1	-1	-1	-1	1
Thñ mé nh©n	85	0	0	0	2031	25	-1	-1	-1	-1	1
Thñ Mé T­íng Qu©n	85	0	0	0	2031	27	-1	-1	-1	-1	1
T­ M· Minh Phong	85	0	0	0	2031	28	-1	-1	-1	-1	1
Th¸c B¹t Ho»ng 	85	0	0	0	2031	29	-1	-1	-1	-1	1
Xa Lu©n B¸ V­¬ng	85	0	0	0	2031	30	-1	-1	-1	-1	1
¢u D­¬ng Häa 	85	0	0	0	2031	31	-1	-1	-1	-1	0
¢u D­¬ng Häa 	85	0	0	0	2031	33	-1	-1	-1	-1	1
L­u Tam 	85	0	0	0	2031	34	-1	-1	-1	-1	1
L­u Tam 	85	0	0	0	2031	35	-1	-1	-1	-1	1
¢u D­¬ng Häa 	85	0	0	0	2031	37	-1	-1	-1	-1	1
T«n Ph­¬ng Nh©n 	85	0	0	0	2031	38	-1	-1	-1	-1	1
T«n Ph­¬ng Nh©n 	85	0	0	0	2031	39	-1	-1	-1	-1	1
T«n Ph­¬ng Nh©n 	85	0	0	0	2031	40	-1	-1	-1	-1	1
¢u D­¬ng Häa 	85	0	0	0	2031	42	-1	-1	-1	-1	1
¢u D­¬ng Häa 	85	0	0	0	2031	44	-1	-1	-1	-1	1
§­êng Thiªn Thiªn	85	0	0	0	2031	45	-1	-1	-1	-1	1
D­îc thÊt thñ vÖ	85	0	0	0	2031	47	-1	-1	-1	-1	1
¢u D­¬ng Häa 	85	0	0	0	2031	48	-1	-1	-1	-1	1
T«n Ph­¬ng Nh©n 	85	0	0	0	2031	49	-1	-1	-1	-1	1
T«n Ph­¬ng Nh©n 	85	0	0	0	2031	50	-1	-1	-1	-1	1
Xa Lu©n B¸ V­¬ng	85	0	0	0	2031	51	-1	-1	-1	-1	1
§­êng Hå L«	85	0	0	0	2031	54	-1	-1	-1	-1	1
Xa Lu©n B¸ V­¬ng	85	0	0	0	2031	56	-1	-1	-1	-1	1
Th¸c B¹t Ho»ng 	85	0	0	0	2031	57	-1	-1	-1	-1	1
Th¸c B¹t Ho»ng 	85	0	0	0	2031	59	-1	-1	-1	-1	1
Xa Lu©n B¸ V­¬ng	85	0	0	0	2031	60	-1	-1	-1	-1	1
¢u D­¬ng Häa 	85	0	0	0	2031	61	-1	-1	-1	-1	1
DiÖp Tö Thu	85	0	0	0	2031	62	-1	-1	-1	-1	1
B¹ch Thiªn Thµnh	85	0	0	0	2031	64	-1	-1	-1	-1	1
B¹ch Thiªn Thµnh	85	0	0	0	2031	65	-1	-1	-1	-1	1
¢u D­¬ng Häa 	85	0	0	0	2031	67	-1	-1	-1	-1	1
§Ö Tö C«n L«n	80	0	0	0	2032	1	-1	-1	-1	-1	1
DiÖp Tö Thu	80	0	0	0	2032	2	-1	-1	-1	-1	1
§Ö Tö C«n L«n	80	0	0	0	2032	3	-1	-1	-1	-1	1
§Ö Tö C«n L«n	80	0	0	0	2032	5	-1	-1	-1	-1	1
DiÖp Tö Thu	80	0	0	0	2032	6	-1	-1	-1	-1	1
§Ö Tö C«n L«n	80	0	0	0	2032	7	-1	-1	-1	-1	1
§Ö Tö C«n L«n	80	0	0	0	2032	9	-1	-1	-1	-1	1
DiÖp Tö Thu	80	0	0	0	2032	10	-1	-1	-1	-1	1
¢u D­¬ng Häa 	80	0	0	0	2032	11	-1	-1	-1	-1	1
DiÖp L·o	80	0	0	0	2032	12	-1	-1	-1	-1	1
DiÖp Tö Thu	85	0	0	0	2032	13	-1	-1	-1	-1	1
DiÖp Tö Thu	85	0	0	0	2032	15	-1	-1	-1	-1	1
DiÖp Tö Thu	85	0	0	0	2032	16	-1	-1	-1	-1	1
§Ö Tö C«n L«n	85	0	0	0	2032	17	-1	-1	-1	-1	1
DiÖp Tö Thu	85	0	0	0	2032	18	-1	-1	-1	-1	1
DiÖp Tö Thu	85	0	0	0	2032	20	-1	-1	-1	-1	1
¢u D­¬ng Häa 	85	0	0	0	2031	68	-1	-1	-1	-1	0
KhÊu ChuÈn	85	0	0	0	2031	69	-1	-1	-1	-1	1
TiÓu nhÞ	85	0	0	0	2031	70	-1	-1	-1	-1	1
KhÊu ChuÈn	85	0	0	0	2031	72	-1	-1	-1	-1	1
KhÊu ChuÈn	85	0	0	0	2031	73	-1	-1	-1	-1	1
KhÊu ChuÈn	85	0	0	0	2031	74	-1	-1	-1	-1	1
